   2.0312220e-01
   2.1307499e-01
   2.2146523e-01
   2.2964838e-01
   2.3697202e-01
   2.4381542e-01
   2.4894925e-01
   2.5493363e-01
   2.5985270e-01
   2.6409494e-01
   2.6776573e-01
   2.7226350e-01
   2.7495345e-01
   2.7755734e-01
   2.8020338e-01
   2.8325694e-01
   2.8496999e-01
   2.8710437e-01
   2.8906574e-01
   2.9008007e-01
   2.9182835e-01
   2.9305772e-01
   2.9349371e-01
   2.9450184e-01
   2.9499264e-01
   2.9580767e-01
   2.9643950e-01
   2.9671871e-01
   2.9680252e-01
   2.9681824e-01
   2.9679145e-01
   2.9661983e-01
   2.9623299e-01
   2.9566712e-01
   2.9495781e-01
   2.9453516e-01
   2.9417759e-01
   2.9326617e-01
   2.9273241e-01
   2.9182033e-01
   2.9082571e-01
